12
5
21
12
14
11
5
7
1
6
6
3
13
15
19
17
15
19
20
19
3
12
25
4
7
6
3
13
15
22
21
12
6
1
23
20
15
19
8
11
8
1
23
19
24
23
11
9
11
8
1
16
24
20
25
11
3
8
7
3
14
20
23
13
17
1
2
12
9
20
22
23
21
3
4
20
6
13
17
5
13
23
3
23
17
17
3
23
9
25
20
24
14
20
25
2
8
16
10
9
17
14
25
22
4
6
22
11
18
24
17
25
8
4
11
20
24
12
25
21
10
13
21
9
11
8
21
23
1
21
6
20
10
25
19
9
8
13
18
12
6
3
13
3
20
8
16
15
20
6
8
8
15
16
7
6
21
8
8
17
13
15
23
16
11
24
22
1
25
6
21
15
24
13
24
19
1
12
9
21
22
18
12
15
2
24
20
12
9
1
23
23
6
23
7
18
12
14
16
24
1
3
14
20
3
9
17
3
13
14
25
3
11
8
10
18
17
15
15
4
17
22
20
21
18
16
8
10
5
14
17
2
9
11
2
16
1
4
2
25
19
1
25
14
10
11
20
14
4
24
20
17
20
4
15
25
25
16
5
25
23
9
23
3
23
1
7
12
5
20
24
18
18
21
6
13
21
9
12
21
2
5
3
21
10
1
20
9
18
11
16
11
25
12
22
12
15
17
20
11
4
5
13
4
21
24
25
19
15
12
15
9
1
13
19
4
18
21
3
12
3
21
19
9
21
11
16
22
15
16
1
4
18
2
20
10
11
3
8
13
15
6
8
11
7
6
19
10
24
8
9
21
3
7
8
22
12
13
13
1
12
4
6
10
18
12
16
3
25
12
7
23
24
11
18
13
8
8
7
5
1
9
22
17
14
16
24
6
5
20
17
14
3
20
17
14
14
25
4
25
23
6
3
18
25
4
3
16
3
10
13
11
10
18
2
8
5
20
19
20
23
3
10
8
10
22
2
10
4
20
13
2
8
25
12
16
17
22
19
18
21
2
8
19
9
7
18
2
2
18
10
4
22
14
8
13
25
24
16
20
14
21
10
5
12
14
24
21
23
25
8
21
12
24
24
4
19
5
8
4
9
3
5
14
14
6
18
14
20
21
3
14
3
14
25
19
22
8
20
2