32
16
27
17
18
5
2
20
28
33
20
24
3
27
16
31
15
16
29
12
1
16
21
29
17
29
29
3
12
34
16
18
9
35
35
7
26
25
20
14
4
11
3
14
28
21
12
3
6
34
26
20
13
32
20
25
5
33
4
10
35
18
28
35
10
8
10
33
23
1
6
29
29
22
28
23
19
1
21
1
12
18
4
13
16
20
3
13
23
29
33
22
6
30
14
26
18
27
27
33
14
14
32
30
2
22
1
23
29
33
29
16
29
2
2
18
6
27
33
8
6
30
24
5
12
35
14
7
32
5
11
11
33
7
35
13
5
7
28
